    0.76801E-04   0.76839E-04   0.76953E-04   0.77144E-04   0.77414E-04
    0.77765E-04   0.78201E-04   0.78726E-04   0.79345E-04   0.80065E-04
    0.80894E-04   0.81842E-04   0.82920E-04   0.84140E-04   0.85519E-04
    0.87075E-04   0.88829E-04   0.90803E-04   0.93024E-04   0.95524E-04
    0.98333E-04   0.10149E-03   0.10503E-03   0.10900E-03   0.11345E-03
    0.11841E-03   0.12394E-03   0.13008E-03   0.13688E-03   0.14439E-03
    0.15265E-03   0.16170E-03   0.17156E-03   0.18228E-03   0.19385E-03
    0.20630E-03   0.21961E-03   0.23378E-03   0.24878E-03   0.26458E-03
    0.28113E-03   0.29838E-03   0.31625E-03   0.33466E-03   0.35355E-03
    0.37281E-03   0.39235E-03   0.41209E-03   0.43191E-03   0.45173E-03
    0.47145E-03   0.49097E-03   0.51020E-03   0.52907E-03   0.54748E-03
    0.56536E-03   0.58264E-03   0.59925E-03   0.61512E-03   0.63022E-03
    0.64448E-03
