     1.0848        1.0843        1.0828        1.0800        1.0756    
     1.0687        1.0590        1.0455        1.0277        1.0049    
    0.97643       0.94206       0.90168       0.85534       0.80379    
    0.74792       0.68915       0.62921       0.57005       0.51356    
    0.46142       0.41484       0.37446       0.34016       0.31132    
    0.28680       0.26534       0.24566       0.22681       0.20821    
    0.18977       0.17170       0.15447       0.13853       0.12426    
    0.11183       0.10114       0.91951E-01   0.83871E-01   0.76524E-01
    0.69605E-01   0.62948E-01   0.56527E-01   0.50433E-01   0.44803E-01
    0.39781E-01   0.35448E-01   0.31806E-01   0.28775E-01   0.26212E-01
    0.23953E-01   0.21852E-01   0.19812E-01   0.17793E-01   0.15818E-01
    0.13946E-01   0.12254E-01   0.10801E-01   0.96148E-02   0.86838E-02
    0.79598E-02
