     2.0213        2.0201        2.0160        2.0081        1.9944    
     1.9729        1.9411        1.8963        1.8362        1.7593    
     1.6648        1.5533        1.4272        1.2904        1.1480    
     1.0064       0.87180       0.74998       0.64491       0.55841    
    0.48996       0.43668       0.39455       0.35890       0.32613    
    0.29387       0.26147       0.22967       0.19993       0.17372    
    0.15185       0.13434       0.12035       0.10864       0.98055E-01
    0.87760E-01   0.77588E-01   0.67765E-01   0.58803E-01   0.51199E-01
    0.45170E-01   0.40602E-01   0.37101E-01   0.34169E-01   0.31366E-01
    0.28450E-01   0.25419E-01   0.22447E-01   0.19774E-01   0.17587E-01
    0.15947E-01   0.14771E-01   0.13877E-01   0.13061E-01   0.12169E-01
    0.11142E-01   0.10022E-01   0.89105E-02   0.79209E-02   0.71307E-02
    0.65548E-02
