    0.82055E-01   0.81983E-01   0.81782E-01   0.81494E-01   0.81164E-01
    0.80824E-01   0.80492E-01   0.80179E-01   0.79904E-01   0.79655E-01
    0.79508E-01   0.79349E-01   0.79225E-01   0.79027E-01   0.79436E-01
    0.79469E-01   0.78916E-01   0.78816E-01   0.79055E-01   0.80026E-01
    0.79557E-01   0.79559E-01   0.79980E-01   0.80358E-01   0.80574E-01
    0.80890E-01   0.81326E-01   0.81630E-01   0.81999E-01   0.82178E-01
    0.82087E-01   0.82285E-01   0.82559E-01   0.82775E-01   0.82895E-01
    0.82381E-01   0.82371E-01   0.83099E-01   0.83711E-01   0.84088E-01
    0.84961E-01   0.86244E-01   0.87531E-01   0.89340E-01   0.91073E-01
    0.93728E-01   0.96945E-01   0.10082       0.10540       0.11062    
    0.11660       0.12336       0.13087       0.13926       0.14840    
    0.15826       0.16886       0.17997       0.19190       0.20435    
    0.21726    
