    0.71325E-01   0.71340E-01   0.71384E-01   0.71448E-01   0.71513E-01
    0.71569E-01   0.71714E-01   0.71903E-01   0.71995E-01   0.71836E-01
    0.71840E-01   0.71940E-01   0.71731E-01   0.71409E-01   0.70953E-01
    0.69539E-01   0.69681E-01   0.68976E-01   0.68134E-01   0.67212E-01
    0.66273E-01   0.65362E-01   0.65073E-01   0.63917E-01   0.62805E-01
    0.62310E-01   0.62013E-01   0.61895E-01   0.62305E-01   0.62996E-01
    0.64055E-01   0.65547E-01   0.67445E-01   0.69587E-01   0.72566E-01
    0.75705E-01   0.79129E-01   0.82719E-01   0.86492E-01   0.90352E-01
    0.94029E-01   0.97585E-01   0.10072       0.10347       0.10567    
    0.10722       0.10807       0.10820       0.10750       0.10603    
    0.10378       0.10080       0.97162E-01   0.92960E-01   0.88315E-01
    0.83348E-01   0.78183E-01   0.72920E-01   0.67736E-01   0.62755E-01
    0.58061E-01
