    0.35279       0.35022       0.34273       0.33094       0.31561    
    0.29818       0.27944       0.26110       0.24543       0.23287    
    0.22417       0.22054       0.22219       0.22881       0.23918    
    0.25437       0.27219       0.29254       0.31434       0.33723    
    0.35877       0.37930       0.39718       0.41257       0.42422    
    0.43060       0.43317       0.43120       0.42491       0.41381    
    0.39909       0.38057       0.36057       0.33887       0.31732    
    0.29615       0.27637       0.25897       0.24431       0.23265    
    0.22404       0.21826       0.21477       0.21320       0.21277    
    0.21287       0.21292       0.21242       0.21105       0.20855    
    0.20503       0.20055       0.19540       0.18987       0.18430    
    0.17900       0.17425       0.17017       0.16685       0.16422    
    0.16216    
