    0.23486       0.23482       0.23471       0.23451       0.23420    
    0.23373       0.23305       0.23212       0.23085       0.22924    
    0.22717       0.22460       0.22148       0.21777       0.21347    
    0.20858       0.20312       0.19716       0.19078       0.18410    
    0.17727       0.17043       0.16370       0.15723       0.15112    
    0.14543       0.14020       0.13541       0.13099       0.12687    
    0.12291       0.11902       0.11508       0.11102       0.10679    
    0.10238       0.97803E-01   0.93114E-01   0.88370E-01   0.83656E-01
    0.79027E-01   0.74548E-01   0.70260E-01   0.66183E-01   0.62327E-01
    0.58679E-01   0.55220E-01   0.51927E-01   0.48774E-01   0.45743E-01
    0.42821E-01   0.40003E-01   0.37290E-01   0.34693E-01   0.32219E-01
    0.29883E-01   0.27695E-01   0.25660E-01   0.23783E-01   0.22059E-01
    0.20480E-01
