    0.21221E-01   0.21219E-01   0.21214E-01   0.21204E-01   0.21184E-01
    0.21151E-01   0.21099E-01   0.21026E-01   0.20936E-01   0.20833E-01
    0.20710E-01   0.20588E-01   0.20434E-01   0.20339E-01   0.20144E-01
    0.19991E-01   0.19879E-01   0.19730E-01   0.19565E-01   0.19378E-01
    0.19250E-01   0.19096E-01   0.18882E-01   0.18745E-01   0.18602E-01
    0.18479E-01   0.18357E-01   0.18253E-01   0.18131E-01   0.17966E-01
    0.17833E-01   0.17726E-01   0.17621E-01   0.17494E-01   0.17458E-01
    0.17419E-01   0.17230E-01   0.17114E-01   0.17026E-01   0.16953E-01
    0.16831E-01   0.16705E-01   0.16545E-01   0.16415E-01   0.16312E-01
    0.16196E-01   0.16067E-01   0.15911E-01   0.15793E-01   0.15652E-01
    0.15501E-01   0.15369E-01   0.15247E-01   0.15139E-01   0.15056E-01
    0.14921E-01   0.14855E-01   0.14791E-01   0.14746E-01   0.14642E-01
    0.14706E-01
