    0.41288       0.41340       0.41493       0.41742       0.42090    
    0.42537       0.43091       0.43666       0.44464       0.45404    
    0.46454       0.47479       0.49048       0.50688       0.52617    
    0.54623       0.56833       0.59333       0.62176       0.65340    
    0.68911       0.73336       0.77385       0.81996       0.87224    
    0.92872       0.98793        1.0492        1.1136        1.1807    
     1.2480        1.3131        1.3792        1.4409        1.4961    
     1.5485        1.5909        1.6273        1.6533        1.6691    
     1.6744        1.6689        1.6544        1.6265        1.5912    
     1.5492        1.5000        1.4469        1.3894        1.3307    
     1.2723        1.2150        1.1609        1.1121        1.0673    
     1.0278       0.99585       0.96845       0.95146       0.93861    
    0.92916    
