     1.6136        1.6270        1.6665        1.7304        1.8167    
     1.9289        2.0591        2.1871        2.3238        2.4763    
     2.6450        2.8227        2.9794        3.1193        3.3096    
     3.4572        3.6160        3.7896        3.9371        4.1094    
     4.2314        4.3594        4.4342        4.4775        4.5035    
     4.4900        4.4428        4.3613        4.2251        4.0644    
     3.8665        3.6475        3.4116        3.1651        2.9192    
     2.6820        2.4536        2.2443        2.0506        1.8824    
     1.7384        1.6108        1.5117        1.4294        1.3668    
     1.3144        1.2694        1.2289        1.1967        1.1602    
     1.1250        1.0883        1.0481        1.0095       0.96637    
    0.92402       0.88501       0.84504       0.82196       0.76918    
    0.73416    
